100
12 25
13 91
3 62
68 80
40 76
18 59
4 34
47 100
1 17
26 79
35 65
59 70
39 44
6 72
18 96
20 76
58 87
7 86
38 65
19 59
29 86
61 66
17 20
23 25
17 36
5 55
81 100
52 77
1 98
46 48
27 69
10 73
14 21
41 69
4 46
3 63
57 78
54 72
79 99
58 91
56 76
14 98
63 73
11 38
3 7
16 43
2 14
56 79
10 79
8 27
3 28
87 88
19 21
7 58
74 99
32 69
22 82
6 24
23 29
25 86
9 17
39 94
11 67
71 98
38 79
1 56
46 80
85 94
23 52
76 81
50 70
5 37
38 98
2 96
89 94
63 83
39 85
26 35
23 77
32 47
67 95
52 96
3 77
62 78
10 52
51 53
25 85
35 99
55 64
55 63
46 70
37 45
5 100
55 97
17 56
47 54
28 99
60 73
55 59
66 84
15 28
22 35
9 19
6 9
44 55
52 70
36 66
35 37
29 80
61 62
26 30
19 100
39 80
37 57
56 78
40 75
69 70
7 52
10 55
48 58
5 79
29 52
29 68
47 52
66 90
42 79
8 29
12 31
52 60
50 52
31 63
36 76
36 45
7 68
57 79
1 18
58 68
20 77
33 50
12 30
14 60
17 39
19 91
15 53
2 49
55 75
24 60
37 96
55 92
58 64
70 96
32 99
4 69
86 91
66 97
5 10
15 68
21 77
16 92
48 61
1 52
33 34
6 83
2 34
18 68
1 43
38 86
21 48
43 77
40 56
6 29
88 97
2 82
52 87
17 51
15 36
52 55
16 67
15 49
24 69
1 85
60 90
8 89
26 96
53 79
64 76
26 56
33 66
48 76
22 71
3 94
46 67
75 99
14 93
24 86
12 47
22 23
69 93
19 92
77 100
